100
319.00000 4.00000 349.00000
110.0 2.0 1092.0
497.17260 1.13120 1919.81197
1.05820 3.25206 1999.95686
347.15 2.5775 1907.55934
494.32409 1.38664 1945.72612
204.6 1.9415 1.00
497.87212 1.13522 1937.89860
250.88639 2.53281 1689.31433
165.2190 2.5 1256.33
472.38187 2.01792 1500.87507
113.82216 1.42448 87.30458
490.18047 1.32874 1952.83776
492.03867 1.45052 1991.90826
431.58853 1.0 498.4
493.92897 1.40527 1961.81941
445.52458 1.56842 1334.99428
63.0 2.0 524.0
214.0 4.0 324.002
16.01924 1.34097 547.50712
71.00000 2.00000 142.00000
448.0 2.0 1178.0
194.0 3.7232 1457.953
497.54899 1.23805 1994.29611
497.19049 1.05927 1988.22660
58.40889 2.86488 60.29836
19.0 1.0 1275.0
123.0245 3.820 1226.0
496.22051 1.43080 1959.81737
20.7 2.86 95.0
79.70617 1.98700 615.34518
431.04930 4.0 946.0
492.54173 1.22579 1926.33253
1.09017 3.77973 1999.05433
337.00000 1.00000 338.00000
490.64094 1.25746 1975.49488
6.67044 2.31492 534.11600
243.0 1.0 122.0
25.0 4.0 1894.0
495.82083 1.29551 1963.96844
495.44239 1.29581 1991.29944
40.00000 2.00000 80.00000
492.33703 1.13021 1966.71043
497.76177 1.03527 1976.70793
74.64236 1.46893 929.259
18.57821 2.97130 1696.52720
490.35135 1.04613 1918.52947
496.08022 1.24137 1930.22025
35.38173 2.23860 986.58716
495.80280 1.20978 1942.67694
498.35940 1.36088 1974.54033
382.0 2.0 611.0
1.07516 3.91757 1999.58618
1.25184 3.99036 1.93783
493.72155 1.27469 1963.16317
164.00000 2.00000 328.00000
122.0 3.0 1761.0
7.51642 3.31286 95.40183
500.00 1.9597 1114.47988
280.26 3.5796 1562.73
213.0 3.0 1858.0
252.92083 3.44252 674.75149
498.00361 1.42842 1918.97741
1.08655 3.62849 1999.03269
425.89389 3.77104 1496.36986
51.17896 2.84199 1102.29499
440.0 2.0 1213.0
494.37765 1.04032 1993.13688
362.0 2.0 1252.0
317.0 1.0 508.0
76.83110 1.31672 284.03014
498.60555 1.32834 1908.24366
494.16296 1.47748 1969.96575
8.59010 3.93501 1620.49560
351.12275 2.85722 130.33691
261.00000 2.00000 303.00000
61.45425 3.55 1855.98
56.77875 2.56039 612.65694
41.8 2.3164 1311.598
228.0 4.0 448.0
140.85792 3.83832 1717.72465
497.49559 1.32485 1956.31626
63.2454 3.553 528.98
497.79573 1.26322 1935.38007
496.21970 1.22221 1954.74162
491.39644 1.48730 1979.36468
80.8720 3.20 2000.0
491.63026 1.40592 1927.78281
1.0 3.59674 184.0
496.42601 1.46040 1932.15083
498.39129 1.31601 1955.62833
490.00000 3.00000 520.00000
491.91659 1.07261 1989.35208
284.00000 2.00000 568.00000
249.1 1.2 1068.3
496.08048 1.43375 1917.62928
498.32364 1.14963 1997.22579
496.64697 1.37531 1983.56901
283.04262 2.7825 1575.72638
467.71135 2.65697 73.05363
